2008-06-25_st002.cnv
* Sea-Bird SBE 19plus Data File:
* FileName = C:\Documents and Settings\Administrator\Desktop\SLEIWEX2008data\2008-06-25\seabirdCTD\2008-06-25_st002.hex
* Software Version Seasave Win32 V 5.31a
* Temperature SN = 4947
* Conductivity SN = 4947
* System UpLoad Time = Jun 25 2008 20:24:16
* NMEA Latitude = 47 54.570 N
* NMEA Longitude = 069 47.597 W
* NMEA UTC (Time) = Jun 25 2008  20:23:58
** Ship: Coriolis II   
** Cruise: IML2008 sleiwex2008
** Chef de Mission:Patrick Ouellet alex hay
** Station: 002
** Profondeur: 105
** Heures UTC: 20:23
# nquan = 10
# nvalues = 2347                    
# units = specified
# name 0 = scan: Scan Count
# name 1 = timeS: Time, Elapsed [seconds]
# name 2 = prdM: Pressure, Strain Gauge [db]
# name 3 = dz/dtM: Descent Rate [m/s]
# name 4 = c0S/m: Conductivity [S/m]
# name 5 = sal00: Salinity [PSU]
# name 6 = tv290C: Temperature [ITS-90, deg C]
# name 7 = sbeox0ML/L: Oxygen, SBE 43 [ml/l]
# name 8 = flSP: Fluorescence, Seapoint
# name 9 = flag:  0.000e+00
# span 0 =          1,       2347       
# span 1 =      0.000,    586.500       
# span 2 =      0.118,     92.840       
# span 3 =     -0.946,      0.748       
# span 4 =   0.009461,   2.719677       
# span 5 =     0.0579,    30.3090       
# span 6 =     2.1848,    14.5472       
# span 7 =    5.98914,    8.61948       
# span 8 =  0.0000e00,  8.5832e01       
# span 9 =  0.0000e00,  0.0000e00       
# interval = seconds: 0.25                        
# start_time = Jun 25 2008 20:23:58
# bad_flag = -9.990e-29
*END*
[from data line 145]
        146     36.250      0.131      0.000   0.010116     0.0618    14.4440    7.67421  0.0000e00  0.000e+00
        147     36.500      0.135      0.015   0.010116     0.0618    14.4482    7.67271  0.0000e00  0.000e+00
        148     36.750      0.135     -0.000   0.010098     0.0617    14.4513    7.67222  0.0000e00  0.000e+00
        149     37.000      0.133     -0.007   0.010092     0.0617    14.4540    7.67196  0.0000e00  0.000e+00
        150     37.250      0.131     -0.007   0.010084     0.0616    14.4552    7.67279  0.0000e00  0.000e+00
        151     37.500      0.131     -0.000   0.010063     0.0615    14.4564    7.67210  0.0000e00  0.000e+00
        152     37.750      0.135      0.015   0.010048     0.0614    14.4575    7.67108  0.0000e00  0.000e+00
        153     38.000      0.137      0.007   0.010042     0.0614    14.4599    7.67088  0.0000e00  0.000e+00
        154     38.250      0.135     -0.007   0.010027     0.0613    14.4627    7.67128  0.0000e00  0.000e+00
        155     38.500      0.135      0.000   0.010006     0.0612    14.4649    7.67010  0.0000e00  0.000e+00
        156     38.750      0.133     -0.007   0.010006     0.0612    14.4670    7.67027  0.0000e00  0.000e+00
        157     39.000      0.137      0.014   0.010012     0.0612    14.4684    7.67055  0.0000e00  0.000e+00
        158     39.250      0.133     -0.014   0.009992     0.0611    14.4701    7.67079  0.0000e00  0.000e+00
        159     39.500      0.133     -0.000   0.009998     0.0611    14.4712    7.66858  0.0000e00  0.000e+00
        160     39.750      0.133      0.000   0.010006     0.0612    14.4719    7.66915  0.0000e00  0.000e+00
        161     40.000      0.137      0.015   0.009995     0.0611    14.4726    7.66904  0.0000e00  0.000e+00
        162     40.250      0.135     -0.007   0.009992     0.0611    14.4738    7.66817  0.0000e00  0.000e+00
        163     40.500      0.135      0.001   0.009965     0.0609    14.4745    7.66875  0.0000e00  0.000e+00
        164     40.750      0.135     -0.000   0.009965     0.0609    14.4764    7.66947  0.0000e00  0.000e+00
        165     41.000      0.137      0.007   0.009965     0.0609    14.4783    7.66850  0.0000e00  0.000e+00
        166     41.250      0.135     -0.008   0.009956     0.0609    14.4798    7.66826  0.0000e00  0.000e+00
        167     41.500      0.137      0.007   0.009947     0.0608    14.4804    7.66799  0.0000e00  0.000e+00
        168     41.750      0.133     -0.014   0.009944     0.0608    14.4811    7.66787  0.0000e00  0.000e+00
        169     42.000      0.135      0.007   0.009932     0.0607    14.4812    7.66787  0.0000e00  0.000e+00
        170     42.250      0.135      0.000   0.009923     0.0607    14.4813    7.66632  0.0000e00  0.000e+00
        171     42.500      0.137      0.008   0.009915     0.0606    14.4813    7.66803  0.0000e00  0.000e+00
        172     42.750      0.133     -0.015   0.009891     0.0605    14.4818    7.66795  0.0000e00  0.000e+00
        173     43.000      0.139      0.022   0.009891     0.0605    14.4820    7.66725  0.0000e00  0.000e+00
        174     43.250      0.137     -0.007   0.009876     0.0604    14.4818    7.66864  0.0000e00  0.000e+00
        175     43.500      0.135     -0.007   0.009873     0.0604    14.4822    7.66858  0.0000e00  0.000e+00
        176     43.750      0.133     -0.007   0.009882     0.0604    14.4823    7.66719  0.0000e00  0.000e+00
        177     44.000      0.135      0.007   0.009864     0.0603    14.4821    7.66809  0.0000e00  0.000e+00
        178     44.250      0.135      0.000   0.009870     0.0604    14.4823    7.66891  0.0000e00  0.000e+00
        179     44.500      0.131     -0.015   0.009849     0.0602    14.4830    7.66795  0.0000e00  0.000e+00
        180     44.750      0.137      0.022   0.009832     0.0601    14.4836    7.66598  0.0000e00  0.000e+00
        181     45.000      0.135     -0.008   0.009832     0.0601    14.4844    7.66841  0.0000e00  0.000e+00
        182     45.250      0.135     -0.000   0.009814     0.0600    14.4846    7.66788  0.0000e00  0.000e+00
        183     45.500      0.135      0.001   0.009805     0.0600    14.4849    7.66783  0.0000e00  0.000e+00
        184     45.750      0.135     -0.000   0.009802     0.0600    14.4847    7.66786  0.0000e00  0.000e+00
        185     46.000      0.137      0.008   0.009790     0.0599    14.4843    7.66861  0.0000e00  0.000e+00
        186     46.250      0.137     -0.000   0.009790     0.0599    14.4845    7.66824  0.0000e00  0.000e+00
        187     46.500      0.135     -0.007   0.009790     0.0599    14.4846    7.66737  0.0000e00  0.000e+00
        188     46.750      0.135      0.000   0.009840     0.0602    14.4844    7.66807  0.0000e00  0.000e+00
        189     47.000      0.137      0.007   0.010116     0.0618    14.4838    7.66707  0.0000e00  0.000e+00
        190     47.250      0.137      0.000   0.010048     0.0614    14.4838    7.66794  0.0000e00  0.000e+00
        191     47.500      0.138      0.007   0.009929     0.0607    14.4827    7.66917  0.0000e00  0.000e+00
        192     47.750      0.137     -0.007   0.009849     0.0602    14.4831    7.66878  0.0000e00  0.000e+00
        193     48.000      0.137      0.000   0.009849     0.0602    14.4841    7.66692  0.0000e00  0.000e+00
        194     48.250      0.138      0.007   0.009805     0.0600    14.4851    7.66951  0.0000e00  0.000e+00
        195     48.500      0.137     -0.007   0.009751     0.0597    14.4856    7.66824  0.0000e00  0.000e+00
        196     48.750      0.135     -0.007   0.009680     0.0592    14.4866    7.66811  0.0000e00  0.000e+00
        197     49.000      0.142      0.029   0.009662     0.0591    14.4879    7.66842  0.0000e00  0.000e+00
        198     49.250      0.138     -0.015   0.009728     0.0595    14.4901    7.66806  0.0000e00  0.000e+00
        199     49.500      0.138     -0.000   0.009740     0.0596    14.4912    7.66668  0.0000e00  0.000e+00
        200     49.750      0.137     -0.007   0.009698     0.0593    14.4921    7.66723  0.0000e00  0.000e+00
        201     50.000      0.138      0.007   0.009683     0.0593    14.4911    7.66705  3.4333e02  0.000e+00
        202     50.250      0.137     -0.007   0.009707     0.0594    14.4913    7.66668  8.9265e02  0.000e+00
        203     50.500      0.138      0.007   0.009707     0.0594    14.4943    7.66689  4.3488e02  0.000e+00
        204     50.750      0.140      0.007   0.009740     0.0596    14.5080    7.66420  5.7221e02  0.000e+00
        205     51.000      0.137     -0.015   0.009698     0.0593    14.5148    7.66279  4.3488e02  0.000e+00
        206     51.250      0.137      0.000   0.009662     0.0591    14.5163    7.66375  8.4688e02  0.000e+00
        207     51.500      0.135     -0.008   0.009520     0.0583    14.5188    7.66390  0.0000e00  0.000e+00
        208     51.750      0.138      0.015   0.009461     0.0579    14.5472    7.65909  0.0000e00  0.000e+00
        209     52.000      0.157      0.073   0.020714     0.1249    14.4245    7.67504  2.3804e01  0.000e+00
        210     52.250      0.208      0.205   0.395751     2.7609    13.2424    7.74098  3.8453e01  0.000e+00
        211     52.500      0.263      0.220   1.272109     9.9294    12.1761    7.57035  4.8295e01  0.000e+00
        212     52.750      0.305      0.169   1.846093    15.1464    11.4993    7.43238  4.1428e01  0.000e+00
        213     53.000      0.342      0.147   2.220338    18.7563    11.0431    7.33595  4.4862e01  0.000e+00
        214     53.250      0.390      0.191   2.215693    18.9050    10.6686    7.38734  4.4633e01  0.000e+00
        215     53.500      0.437      0.190   2.217957    19.0815    10.3697    7.42630  4.4175e01  0.000e+00
        216     53.750      0.496      0.235   2.220190    19.2275    10.1321    7.45549  4.7379e01  0.000e+00
        217     54.000      0.553      0.228   2.217572    19.3135     9.9235    7.48647  5.1041e01  0.000e+00
        218     54.250      0.580      0.110   2.215524    19.4142     9.6991    7.52019  4.0055e01  0.000e+00
        219     54.500      0.597      0.066   2.217042    19.5131     9.5429    7.54026  4.0284e01  0.000e+00
        220     54.750      0.604      0.029   2.218565    19.5694     9.4664    7.55042  4.7608e01  0.000e+00
        221     55.000      0.608      0.015   2.220445    19.6086     9.4278    7.46034  4.4633e01  0.000e+00
        222     55.250      0.619      0.044   2.220930    19.6209     9.4138    7.36848  4.1199e01  0.000e+00
        223     55.500      0.639      0.080   2.219040    19.5991     9.4202    7.35660  4.5548e01  0.000e+00
        224     55.750      0.681      0.169   2.217842    19.5821     9.4303    7.26984  4.5777e01  0.000e+00
        225     56.000      0.738      0.228   2.219652    19.5970     9.4349    7.19540  4.5777e01  0.000e+00
        226     56.250      0.789      0.205   2.223812    19.6355     9.4379    7.14764  4.3946e01  0.000e+00
        227     56.500      0.844      0.220   2.228502    19.6840     9.4321    7.12109  4.1199e01  0.000e+00
        228     56.750      0.892      0.191   2.241361    19.8089     9.4309    7.09540  4.4175e01  0.000e+00
        229     57.000      0.932      0.161   2.242312    19.8112     9.4434    7.07483  4.7837e01  0.000e+00
        230     57.250      0.967      0.139   2.232295    19.7083     9.4546    7.04632  4.6921e01  0.000e+00
        231     57.500      1.006      0.154   2.227559    19.6620     9.4554    7.01414  4.7379e01  0.000e+00
        232     57.750      1.050      0.176   2.228982    19.6631     9.4786    6.97964  4.2573e01  0.000e+00
        233     58.000      1.086      0.147   2.228310    19.6434     9.5027    6.93056  5.0813e01  0.000e+00
        234     58.250      1.119      0.132   2.226727    19.6232     9.5118    6.86069  4.4633e01  0.000e+00
        235     58.500      1.143      0.095   2.225836    19.6145     9.5119    6.79766  4.3717e01  0.000e+00
        236     58.750      1.154      0.044   2.233324    19.6876     9.5104    6.73889  4.8524e01  0.000e+00
        237     59.000      1.149     -0.022   2.231142    19.6648     9.5136    6.69657  4.7837e01  0.000e+00
        238     59.250      1.137     -0.044   2.231361    19.6780     9.4932    6.67119  4.6006e01  0.000e+00
        239     59.500      1.121     -0.066   2.235016    19.7241     9.4735    6.66052  4.6464e01  0.000e+00
        240     59.750      1.112     -0.037   2.234472    19.7193     9.4727    6.64929  4.3946e01  0.000e+00
        241     60.000      1.090     -0.088   2.234146    19.7161     9.4729    6.63800  4.6006e01  0.000e+00
        242     60.250      1.075     -0.059   2.235737    19.7326     9.4707    6.62438  4.5777e01  0.000e+00
        243     60.500      1.068     -0.029   2.237141    19.7524     9.4593    6.61112  4.8066e01  0.000e+00
        244     60.750      1.073      0.022   2.236442    19.7489     9.4535    6.58500  4.5777e01  0.000e+00
        245     61.000      1.112      0.154   2.235881    19.7513     9.4392    6.55733  4.7379e01  0.000e+00
        246     61.250      1.165      0.213   2.236880    19.7684     9.4256    6.52243  4.1886e01  0.000e+00
        247     61.500      1.209      0.176   2.240330    19.8052     9.4194    6.49017  4.5777e01  0.000e+00
        248     61.750      1.238      0.118   2.242894    19.8259     9.4269    6.46954  4.2115e01  0.000e+00
        249     62.000      1.255      0.066   2.244802    19.8405     9.4337    6.45728  4.1657e01  0.000e+00
        250     62.250      1.249     -0.022   2.250643    19.9020     9.4247    6.45400  4.3030e01  0.000e+00
        251     62.500      1.235     -0.059   2.255862    19.9531     9.4237    6.45069  4.3946e01  0.000e+00
        252     62.750      1.205     -0.117   2.252917    19.9192     9.4334    6.44970  4.6006e01  0.000e+00
        253     63.000      1.170     -0.139   2.252746    19.9206     9.4279    6.44235  4.6693e01  0.000e+00
        254     63.250      1.134     -0.147   2.264055    20.0389     9.4121    6.42611  4.2115e01  0.000e+00
        255     63.500      1.101     -0.132   2.271179    20.1102     9.4080    6.39917  4.4175e01  0.000e+00
        256     63.750      1.075     -0.102   2.259236    19.9944     9.4082    6.38661  4.8066e01  0.000e+00
        257     64.000      1.064     -0.044   2.251986    19.9318     9.3945    6.36378  4.4633e01  0.000e+00
        258     64.250      1.069      0.022   2.253255    19.9522     9.3799    6.33282  4.3488e01  0.000e+00
        259     64.500      1.075      0.022   2.253314    19.9483     9.3880    6.30225  4.9897e01  0.000e+00
        260     64.750      1.093      0.073   2.249819    19.9111     9.3940    6.27145  4.3259e01  0.000e+00
        261     65.000      1.112      0.074   2.258444    19.9970     9.3898    6.23615  4.7837e01  0.000e+00
        262     65.250      1.139      0.110   2.253715    19.9450     9.4008    6.20511  4.4404e01  0.000e+00
        263     65.500      1.169      0.117   2.252280    19.9321     9.3991    6.17274  4.3488e01  0.000e+00
        264     65.750      1.198      0.117   2.253576    19.9534     9.3833    6.13872  4.6921e01  0.000e+00
        265     66.000      1.222      0.095   2.252109    19.9436     9.3754    6.11255  4.5548e01  0.000e+00
        266     66.250      1.231      0.037   2.252425    19.9520     9.3658    6.09073  5.0126e01  0.000e+00
        267     66.500      1.227     -0.015   2.254663    19.9798     9.3548    6.07369  4.5319e01  0.000e+00
        268     66.750      1.220     -0.029   2.254438    19.9821     9.3467    6.05791  4.7608e01  0.000e+00
        269     67.000      1.198     -0.088   2.252838    19.9829     9.3175    6.05450  4.4633e01  0.000e+00
        270     67.250      1.167     -0.125   2.253288    20.0057     9.2845    6.04972  4.2802e01  0.000e+00
        271     67.500      1.148     -0.073   2.254364    20.0351     9.2506    6.04632  4.8524e01  0.000e+00
        272     67.750      1.126     -0.088   2.257904    20.0857     9.2217    6.04044  4.5777e01  0.000e+00
        273     68.000      1.112     -0.059   2.268605    20.1963     9.2104    6.02792  4.3488e01  0.000e+00
        274     68.250      1.097     -0.059   2.265997    20.1529     9.2424    6.01464  4.2802e01  0.000e+00
        275     68.500      1.086     -0.044   2.258129    20.0733     9.2478    6.00155  4.8295e01  0.000e+00
        276     68.750      1.082     -0.014   2.258836    20.1008     9.2111    5.99320  4.7379e01  0.000e+00
        277     69.000      1.086      0.015   2.260144    20.1195     9.2005    5.99018  4.5548e01  0.000e+00
        278     69.250      1.106      0.081   2.260326    20.1222     9.1988    5.98914  4.2115e01  0.000e+00
        279     69.500      1.134      0.110   2.260481    20.1338     9.1808    5.99258  4.1886e01  0.000e+00
        280     69.750      1.159      0.103   2.260974    20.1490     9.1624    5.99779  4.3259e01  0.000e+00
        281     70.000      1.187      0.110   2.261494    20.1592     9.1533    6.00549  4.5777e01  0.000e+00
        282     70.250      1.211      0.095   2.261832    20.1649     9.1489    6.01208  4.5548e01  0.000e+00
        283     70.500      1.222      0.044   2.262701    20.1769     9.1428    6.01580  4.2802e01  0.000e+00
        284     70.750      1.220     -0.007   2.263966    20.1904     9.1406    6.02278  4.8753e01  0.000e+00
        285     71.000      1.220      0.000   2.263805    20.1910     9.1368    6.03015  4.7379e01  0.000e+00
        286     71.250      1.207     -0.051   2.264566    20.2054     9.1246    6.04061  4.5777e01  0.000e+00
        287     71.500      1.187     -0.081   2.266004    20.2251     9.1145    6.04738  4.5548e01  0.000e+00
        288     71.750      1.168     -0.073   2.265998    20.2245     9.1155    6.05314  4.4175e01  0.000e+00
