2008-06-25_st002.cnv
* Sea-Bird SBE 19plus Data File:
* FileName = C:\Documents and Settings\Administrator\Desktop\SLEIWEX2008data\2008-06-25\seabirdCTD\2008-06-25_st002.hex
* Software Version Seasave Win32 V 5.31a
* Temperature SN = 4947
* Conductivity SN = 4947
* System UpLoad Time = Jun 25 2008 20:24:16
* NMEA Latitude = 47 54.570 N
* NMEA Longitude = 069 47.597 W
* NMEA UTC (Time) = Jun 25 2008  20:23:58
** Ship: Coriolis II   
** Cruise: IML2008 sleiwex2008
** Chef de Mission:Patrick Ouellet alex hay
** Station: 002
** Profondeur: 105
** Heures UTC: 20:23
# nquan = 10
# nvalues = 2347                    
# units = specified
# name 0 = scan: Scan Count
# name 1 = timeS: Time, Elapsed [seconds]
# name 2 = prdM: Pressure, Strain Gauge [db]
# name 3 = dz/dtM: Descent Rate [m/s]
# name 4 = c0S/m: Conductivity [S/m]
# name 5 = sal00: Salinity [PSU]
# name 6 = tv290C: Temperature [ITS-90, deg C]
# name 7 = sbeox0ML/L: Oxygen, SBE 43 [ml/l]
# name 8 = flSP: Fluorescence, Seapoint
# name 9 = flag:  0.000e+00
# span 0 =          1,       2347       
# span 1 =      0.000,    586.500       
# span 2 =      0.118,     92.840       
# span 3 =     -0.946,      0.748       
# span 4 =   0.009461,   2.719677       
# span 5 =     0.0579,    30.3090       
# span 6 =     2.1848,    14.5472       
# span 7 =    5.98914,    8.61948       
# span 8 =  0.0000e00,  8.5832e01       
# span 9 =  0.0000e00,  0.0000e00       
# interval = seconds: 0.25                        
# start_time = Jun 25 2008 20:23:58
# bad_flag = -9.990e-29
*END*
[from data line 721]
        722    180.250     17.513      0.638   2.560823    25.6871     5.4691    6.84723  5.1041e01  0.000e+00
        723    180.500     17.679      0.667   2.561115    25.6961     5.4614    6.84626  4.7608e01  0.000e+00
        724    180.750     17.844      0.660   2.561754    25.7098     5.4526    6.84401  4.9439e01  0.000e+00
        725    181.000     18.000      0.624   2.563895    25.7425     5.4406    6.84352  4.6921e01  0.000e+00
        726    181.250     18.156      0.624   2.565830    25.7809     5.4183    6.84442  4.9210e01  0.000e+00
        727    181.500     18.319      0.653   2.567602    25.8220     5.3902    6.84435  5.0355e01  0.000e+00
        728    181.750     18.483      0.653   2.570683    25.8790     5.3604    6.84437  5.0126e01  0.000e+00
        729    182.000     18.644      0.645   2.575483    25.9599     5.3243    6.84360  5.0813e01  0.000e+00
        730    182.250     18.807      0.653   2.582416    26.0771     5.2723    6.84321  4.5777e01  0.000e+00
        731    182.500     18.965      0.631   2.590454    26.2241     5.1984    6.84441  4.7150e01  0.000e+00
        732    182.750     19.126      0.646   2.607549    26.4877     5.1056    6.84198  4.8066e01  0.000e+00
        733    183.000     19.291      0.660   2.613216    26.6541     4.9763    6.84870  4.6921e01  0.000e+00
        734    183.250     19.458      0.668   2.614894    26.7607     4.8667    6.85197  5.4932e01  0.000e+00
        735    183.500     19.623      0.660   2.615798    26.8241     4.8006    6.84864  4.8524e01  0.000e+00
        736    183.750     19.779      0.623   2.617193    26.8697     4.7636    6.84233  5.0355e01  0.000e+00
        737    184.000     19.933      0.616   2.617589    26.8929     4.7404    6.83731  4.8753e01  0.000e+00
        738    184.250     20.086      0.609   2.618199    26.9111     4.7264    6.83423  5.1041e01  0.000e+00
        739    184.500     20.240      0.616   2.618578    26.9221     4.7179    6.81847  4.6921e01  0.000e+00
        740    184.750     20.395      0.624   2.618815    26.9285     4.7134    6.82227  4.9439e01  0.000e+00
        741    185.000     20.551      0.624   2.619335    26.9368     4.7103    6.80773  4.9210e01  0.000e+00
        742    185.250     20.702      0.602   2.621144    26.9610     4.7056    6.80416  4.6693e01  0.000e+00
        743    185.500     20.865      0.653   2.622235    26.9805     4.6967    6.80966  4.9439e01  0.000e+00
        744    185.750     21.019      0.616   2.622500    26.9907     4.6877    6.81149  5.1957e01  0.000e+00
        745    186.000     21.180      0.646   2.622834    26.9995     4.6814    6.81170  5.0126e01  0.000e+00
        746    186.250     21.345      0.660   2.623654    27.0125     4.6769    6.81361  4.8295e01  0.000e+00
        747    186.500     21.507      0.646   2.625373    27.0373     4.6702    6.81032  4.7837e01  0.000e+00
        748    186.750     21.668      0.646   2.626719    27.0622     4.6583    6.80858  4.6693e01  0.000e+00
        749    187.000     21.837      0.675   2.629073    27.1005     4.6440    6.80875  4.9439e01  0.000e+00
        750    187.250     22.006      0.675   2.632321    27.1540     4.6235    6.80568  5.1270e01  0.000e+00
        751    187.500     22.174      0.675   2.634320    27.1997     4.5954    6.80881  4.9439e01  0.000e+00
        752    187.750     22.343      0.675   2.638211    27.2690     4.5649    6.80680  4.9210e01  0.000e+00
        753    188.000     22.508      0.660   2.640427    27.3281     4.5237    6.80891  4.7608e01  0.000e+00
        754    188.250     22.671      0.653   2.643942    27.4038     4.4805    6.81167  4.6464e01  0.000e+00
        755    188.500     22.840      0.675   2.647408    27.4894     4.4250    6.80828  5.0584e01  0.000e+00
        756    188.750     23.000      0.638   2.648061    27.5515     4.3595    6.81167  4.6235e01  0.000e+00
        757    189.000     23.168      0.675   2.648549    27.5979     4.3106    6.81293  4.6693e01  0.000e+00
        758    189.250     23.321      0.609   2.649111    27.6308     4.2789    6.81094  4.7379e01  0.000e+00
        759    189.500     23.476      0.623   2.649435    27.6545     4.2550    6.80775  4.4175e01  0.000e+00
        760    189.750     23.625      0.594   2.649741    27.6728     4.2374    6.80631  5.0355e01  0.000e+00
        761    190.000     23.783      0.631   2.650235    27.6908     4.2226    6.80389  4.5319e01  0.000e+00
        762    190.250     23.940      0.631   2.650933    27.7116     4.2073    6.80340  4.4633e01  0.000e+00
        763    190.500     24.100      0.638   2.651552    27.7339     4.1893    6.80239  4.3717e01  0.000e+00
        764    190.750     24.261      0.646   2.652387    27.7588     4.1710    6.80094  4.2573e01  0.000e+00
        765    191.000     24.426      0.660   2.654363    27.7993     4.1499    6.79834  4.1657e01  0.000e+00
        766    191.250     24.588      0.645   2.655402    27.8362     4.1205    6.79707  4.3259e01  0.000e+00
        767    191.500     24.758      0.682   2.656567    27.8753     4.0902    6.79765  4.4175e01  0.000e+00
        768    191.750     24.925      0.667   2.658908    27.9281     4.0598    6.79690  4.1657e01  0.000e+00
        769    192.000     25.098      0.690   2.660357    27.9757     4.0234    6.79680  4.0513e01  0.000e+00
        770    192.250     25.266      0.675   2.661642    28.0182     3.9910    6.79684  4.2115e01  0.000e+00
        771    192.500     25.426      0.638   2.663103    28.0558     3.9668    6.79163  4.2115e01  0.000e+00
        772    192.750     25.591      0.661   2.664024    28.0818     3.9488    6.79387  4.2573e01  0.000e+00
        773    193.000     25.760      0.675   2.665082    28.1056     3.9353    6.78900  4.0513e01  0.000e+00
        774    193.250     25.917      0.631   2.665554    28.1210     3.9236    6.78420  4.1657e01  0.000e+00
        775    193.500     26.081      0.653   2.666453    28.1392     3.9146    6.78030  3.9826e01  0.000e+00
        776    193.750     26.240      0.638   2.667983    28.1660     3.9040    6.77193  4.1657e01  0.000e+00
        777    194.000     26.403      0.653   2.668552    28.1871     3.8871    6.77241  4.2573e01  0.000e+00
        778    194.250     26.572      0.675   2.669081    28.2078     3.8701    6.76986  4.1428e01  0.000e+00
        779    194.500     26.741      0.675   2.669446    28.2251     3.8549    6.76987  4.3259e01  0.000e+00
        780    194.750     26.906      0.660   2.670333    28.2465     3.8420    6.76969  4.1657e01  0.000e+00
        781    195.000     27.076      0.682   2.671961    28.2820     3.8228    6.76466  4.0742e01  0.000e+00
        782    195.250     27.241      0.660   2.672713    28.3169     3.7925    6.76468  4.0055e01  0.000e+00
        783    195.500     27.401      0.638   2.672918    28.3448     3.7630    6.76633  4.1199e01  0.000e+00
        784    195.750     27.568      0.668   2.673095    28.3653     3.7417    6.76647  3.8911e01  0.000e+00
        785    196.000     27.731      0.653   2.673209    28.3788     3.7277    6.76285  4.0513e01  0.000e+00
        786    196.250     27.898      0.667   2.673289    28.3882     3.7178    6.76036  4.1428e01  0.000e+00
        787    196.500     28.067      0.675   2.673460    28.3961     3.7110    6.75874  4.0742e01  0.000e+00
        788    196.750     28.235      0.675   2.673471    28.4016     3.7047    6.75983  3.9597e01  0.000e+00
        789    197.000     28.395      0.638   2.673653    28.4072     3.7007    6.75694  3.7766e01  0.000e+00
        790    197.250     28.569      0.697   2.673762    28.4118     3.6967    6.75572  3.9826e01  0.000e+00
        791    197.500     28.734      0.660   2.673762    28.4152     3.6927    6.75328  3.7537e01  0.000e+00
        792    197.750     28.903      0.675   2.673836    28.4192     3.6891    6.75221  4.0055e01  0.000e+00
        793    198.000     29.068      0.660   2.673785    28.4212     3.6860    6.75005  3.9368e01  0.000e+00
        794    198.250     29.239      0.682   2.673762    28.4225     3.6841    6.74829  3.8453e01  0.000e+00
        795    198.500     29.407      0.675   2.673813    28.4241     3.6829    6.74802  4.0742e01  0.000e+00
        796    198.750     29.576      0.675   2.673944    28.4282     3.6798    6.74685  3.8224e01  0.000e+00
        797    199.000     29.745      0.675   2.673927    28.4325     3.6745    6.74802  3.9139e01  0.000e+00
        798    199.250     29.914      0.675   2.673865    28.4351     3.6706    6.74452  3.6164e01  0.000e+00
        799    199.500     30.075      0.645   2.673865    28.4370     3.6684    6.74458  3.8224e01  0.000e+00
        800    199.750     30.234      0.638   2.673819    28.4377     3.6669    6.74132  3.8224e01  0.000e+00
        801    200.000     30.398      0.653   2.673967    28.4403     3.6658    6.74406  3.7766e01  0.000e+00
        802    200.250     30.561      0.653   2.674127    28.4457     3.6617    6.74191  3.9139e01  0.000e+00
        803    200.500     30.728      0.668   2.674229    28.4545     3.6529    6.74036  3.7995e01  0.000e+00
        804    200.750     30.895      0.667   2.674099    28.4593     3.6455    6.73858  3.7766e01  0.000e+00
        805    201.000     31.063      0.675   2.674076    28.4616     3.6425    6.73768  4.0513e01  0.000e+00
        806    201.250     31.237      0.697   2.674099    28.4633     3.6408    6.73567  3.7537e01  0.000e+00
        807    201.500     31.419      0.726   2.674264    28.4671     3.6386    6.73530  3.8453e01  0.000e+00
        808    201.750     31.601      0.726   2.674520    28.4750     3.6329    6.73421  3.6851e01  0.000e+00
        809    202.000     31.784      0.733   2.674731    28.4852     3.6240    6.73300  3.9368e01  0.000e+00
        810    202.250     31.956      0.690   2.675454    28.5023     3.6140    6.73290  3.8224e01  0.000e+00
        811    202.500     32.125      0.675   2.675853    28.5189     3.6002    6.73162  3.7995e01  0.000e+00
        812    202.750     32.290      0.660   2.676041    28.5327     3.5870    6.73093  3.9139e01  0.000e+00
        813    203.000     32.450      0.638   2.676144    28.5431     3.5764    6.73013  3.7079e01  0.000e+00
        814    203.250     32.609      0.638   2.676343    28.5522     3.5686    6.72949  4.0055e01  0.000e+00
        815    203.500     32.765      0.623   2.676537    28.5605     3.5616    6.72729  3.6851e01  0.000e+00
        816    203.750     32.921      0.624   2.676799    28.5687     3.5557    6.72802  3.7537e01  0.000e+00
        817    204.000     33.079      0.631   2.677147    28.5774     3.5504    6.72645  3.8911e01  0.000e+00
        818    204.250     33.240      0.645   2.677768    28.5903     3.5440    6.72487  3.8682e01  0.000e+00
        819    204.500     33.411      0.682   2.678343    28.6043     3.5356    6.72429  3.7308e01  0.000e+00
        820    204.750     33.583      0.690   2.678788    28.6188     3.5250    6.72224  3.5935e01  0.000e+00
        821    205.000     33.763      0.719   2.679238    28.6338     3.5139    6.72207  3.5019e01  0.000e+00
        822    205.250     33.933      0.682   2.679683    28.6491     3.5024    6.72266  3.5248e01  0.000e+00
        823    205.500     34.113      0.719   2.680264    28.6658     3.4911    6.72153  3.5935e01  0.000e+00
        824    205.750     34.296      0.734   2.680760    28.6817     3.4795    6.72120  3.6622e01  0.000e+00
        825    206.000     34.474      0.711   2.681729    28.7043     3.4669    6.72075  3.7766e01  0.000e+00
        826    206.250     34.649      0.697   2.682413    28.7258     3.4515    6.72114  3.8224e01  0.000e+00
        827    206.500     34.821      0.690   2.682818    28.7450     3.4351    6.72071  3.7308e01  0.000e+00
        828    206.750     34.993      0.690   2.683018    28.7594     3.4215    6.71878  3.8911e01  0.000e+00
        829    207.000     35.164      0.682   2.683200    28.7699     3.4120    6.71891  3.6851e01  0.000e+00
        830    207.250     35.334      0.682   2.683599    28.7808     3.4049    6.71753  3.6164e01  0.000e+00
        831    207.500     35.505      0.682   2.683987    28.7918     3.3976    6.71546  3.6393e01  0.000e+00
        832    207.750     35.672      0.668   2.684677    28.8069     3.3897    6.71548  3.4562e01  0.000e+00
        833    208.000     35.841      0.675   2.685225    28.8233     3.3784    6.71198  3.5706e01  0.000e+00
        834    208.250     36.009      0.675   2.685379    28.8369     3.3651    6.71421  3.5935e01  0.000e+00
        835    208.500     36.174      0.660   2.685675    28.8493     3.3549    6.70979  3.5706e01  0.000e+00
        836    208.750     36.343      0.675   2.686229    28.8638     3.3459    6.70984  3.7079e01  0.000e+00
        837    209.000     36.514      0.682   2.686674    28.8784     3.3354    6.70866  3.5477e01  0.000e+00
        838    209.250     36.686      0.689   2.687159    28.8944     3.3238    6.70815  3.8453e01  0.000e+00
        839    209.500     36.857      0.682   2.687359    28.9084     3.3106    6.70743  3.4104e01  0.000e+00
        840    209.750     37.031      0.697   2.687752    28.9233     3.2991    6.70732  3.5935e01  0.000e+00
        841    210.000     37.205      0.697   2.688888    28.9470     3.2875    6.70517  3.5248e01  0.000e+00
        842    210.250     37.381      0.704   2.690035    28.9759     3.2702    6.70591  3.4104e01  0.000e+00
        843    210.500     37.555      0.697   2.690994    29.0067     3.2485    6.70582  3.4104e01  0.000e+00
        844    210.750     37.731      0.704   2.692997    29.0526     3.2238    6.70280  3.4333e01  0.000e+00
        845    211.000     37.902      0.682   2.694790    29.1046     3.1896    6.70706  3.2273e01  0.000e+00
        846    211.250     38.076      0.697   2.695339    29.1454     3.1514    6.70588  3.2273e01  0.000e+00
        847    211.500     38.248      0.689   2.695613    29.1758     3.1213    6.70607  3.2273e01  0.000e+00
        848    211.750     38.417      0.675   2.695745    29.1941     3.1027    6.70328  3.3188e01  0.000e+00
        849    212.000     38.582      0.660   2.696881    29.2179     3.0913    6.69982  3.1815e01  0.000e+00
        850    212.250     38.751      0.675   2.697384    29.2383     3.0753    6.69853  3.1815e01  0.000e+00
        851    212.500     38.927      0.704   2.697487    29.2553     3.0579    6.69891  3.3417e01  0.000e+00
        852    212.750     39.103      0.704   2.697487    29.2657     3.0463    6.69644  3.2044e01  0.000e+00
        853    213.000     39.272      0.675   2.697408    29.2706     3.0398    6.69578  3.1815e01  0.000e+00
        854    213.250     39.455      0.733   2.697385    29.2726     3.0371    6.69207  3.1357e01  0.000e+00
        855    213.500     39.637      0.726   2.697356    29.2735     3.0357    6.69005  3.3646e01  0.000e+00
        856    213.750     39.816      0.719   2.697408    29.2749     3.0347    6.68847  3.4562e01  0.000e+00
        857    214.000     39.998      0.726   2.697728    29.2796     3.0336    6.68714  3.5248e01  0.000e+00
        858    214.250     40.167      0.675   2.697996    29.2862     3.0298    6.68688  3.2044e01  0.000e+00
        859    214.500     40.339      0.689   2.698362    29.2968     3.0228    6.68659  3.3875e01  0.000e+00
        860    214.750     40.497      0.631   2.698733    29.3084     3.0149    6.68474  3.2273e01  0.000e+00
        861    215.000     40.658      0.645   2.699128    29.3216     3.0056    6.68471  3.4333e01  0.000e+00
        862    215.250     40.818      0.638   2.699625    29.3370     2.9950    6.68201  3.1357e01  0.000e+00
        863    215.500     40.975      0.631   2.700082    29.3530     2.9834    6.68166  3.2273e01  0.000e+00
        864    215.750     41.139      0.653   2.700608    29.3711     2.9704    6.68109  3.2502e01  0.000e+00
