2008-06-25_st002.cnv
* Sea-Bird SBE 19plus Data File:
* FileName = C:\Documents and Settings\Administrator\Desktop\SLEIWEX2008data\2008-06-25\seabirdCTD\2008-06-25_st002.hex
* Software Version Seasave Win32 V 5.31a
* Temperature SN = 4947
* Conductivity SN = 4947
* System UpLoad Time = Jun 25 2008 20:24:16
* NMEA Latitude = 47 54.570 N
* NMEA Longitude = 069 47.597 W
* NMEA UTC (Time) = Jun 25 2008  20:23:58
** Ship: Coriolis II   
** Cruise: IML2008 sleiwex2008
** Chef de Mission:Patrick Ouellet alex hay
** Station: 002
** Profondeur: 105
** Heures UTC: 20:23
# nquan = 10
# nvalues = 2347                    
# units = specified
# name 0 = scan: Scan Count
# name 1 = timeS: Time, Elapsed [seconds]
# name 2 = prdM: Pressure, Strain Gauge [db]
# name 3 = dz/dtM: Descent Rate [m/s]
# name 4 = c0S/m: Conductivity [S/m]
# name 5 = sal00: Salinity [PSU]
# name 6 = tv290C: Temperature [ITS-90, deg C]
# name 7 = sbeox0ML/L: Oxygen, SBE 43 [ml/l]
# name 8 = flSP: Fluorescence, Seapoint
# name 9 = flag:  0.000e+00
# span 0 =          1,       2347       
# span 1 =      0.000,    586.500       
# span 2 =      0.118,     92.840       
# span 3 =     -0.946,      0.748       
# span 4 =   0.009461,   2.719677       
# span 5 =     0.0579,    30.3090       
# span 6 =     2.1848,    14.5472       
# span 7 =    5.98914,    8.61948       
# span 8 =  0.0000e00,  8.5832e01       
# span 9 =  0.0000e00,  0.0000e00       
# interval = seconds: 0.25                        
# start_time = Jun 25 2008 20:23:58
# bad_flag = -9.990e-29
*END*
[from data line 1586]
       1587    396.500     51.543     -0.440   2.711355    29.9444     2.4851    6.61955  3.3646e01  0.000e+00
       1588    396.750     51.438     -0.418   2.711303    29.9423     2.4867    6.61929  3.2273e01  0.000e+00
       1589    397.000     51.343     -0.381   2.711252    29.9404     2.4882    6.62016  3.3646e01  0.000e+00
       1590    397.250     51.260     -0.330   2.711166    29.9382     2.4894    6.61999  3.2044e01  0.000e+00
       1591    397.500     51.185     -0.301   2.711063    29.9352     2.4913    6.61864  3.2044e01  0.000e+00
       1592    397.750     51.106     -0.315   2.711011    29.9324     2.4937    6.62034  3.2273e01  0.000e+00
       1593    398.000     51.026     -0.323   2.711011    29.9305     2.4958    6.61947  3.3188e01  0.000e+00
       1594    398.250     50.938     -0.352   2.710960    29.9285     2.4972    6.61998  3.3417e01  0.000e+00
       1595    398.500     50.844     -0.374   2.711000    29.9281     2.4983    6.62159  3.1586e01  0.000e+00
       1596    398.750     50.742     -0.411   2.710959    29.9270     2.4990    6.61977  3.2044e01  0.000e+00
       1597    399.000     50.633     -0.433   2.710959    29.9268     2.4993    6.62038  3.4104e01  0.000e+00
       1598    399.250     50.520     -0.455   2.710959    29.9267     2.4994    6.62100  3.4791e01  0.000e+00
       1599    399.500     50.406     -0.455   2.710942    29.9264     2.4996    6.62125  3.1357e01  0.000e+00
       1600    399.750     50.285     -0.484   2.710902    29.9256     2.5000    6.62334  3.4562e01  0.000e+00
       1601    400.000     50.175     -0.440   2.710879    29.9249     2.5005    6.62096  3.1357e01  0.000e+00
       1602    400.250     50.074     -0.403   2.710879    29.9243     2.5012    6.62301  3.2502e01  0.000e+00
       1603    400.500     49.977     -0.389   2.710850    29.9233     2.5019    6.62267  3.0442e01  0.000e+00
       1604    400.750     49.882     -0.381   2.710828    29.9223     2.5027    6.62545  8.5832e01  0.000e+00
       1605    401.000     49.803     -0.315   2.710822    29.9217     2.5034    6.62494  4.0513e01  0.000e+00
       1606    401.250     49.713     -0.359   2.710822    29.9213     2.5039    6.62424  3.3188e01  0.000e+00
       1607    401.500     49.636     -0.308   2.710799    29.9207     2.5042    6.62488  3.1815e01  0.000e+00
       1608    401.750     49.548     -0.352   2.710799    29.9204     2.5046    6.62605  3.1357e01  0.000e+00
       1609    402.000     49.454     -0.374   2.710856    29.9211     2.5046    6.62519  3.1357e01  0.000e+00
       1610    402.250     49.361     -0.374   2.710850    29.9211     2.5046    6.62622  3.2731e01  0.000e+00
       1611    402.500     49.255     -0.425   2.710822    29.9209     2.5045    6.62541  3.4104e01  0.000e+00
       1612    402.750     49.137     -0.469   2.710822    29.9210     2.5045    6.62568  3.1357e01  0.000e+00
       1613    403.000     49.027     -0.440   2.710799    29.9206     2.5046    6.62446  3.4333e01  0.000e+00
       1614    403.250     48.912     -0.462   2.710799    29.9205     2.5048    6.62341  3.1128e01  0.000e+00
       1615    403.500     48.800     -0.447   2.710741    29.9195     2.5052    6.62421  3.2959e01  0.000e+00
       1616    403.750     48.692     -0.433   2.710719    29.9187     2.5058    6.62295  3.2044e01  0.000e+00
       1617    404.000     48.591     -0.403   2.710718    29.9183     2.5063    6.62353  3.3646e01  0.000e+00
       1618    404.250     48.497     -0.374   2.710718    29.9178     2.5069    6.62393  3.1128e01  0.000e+00
       1619    404.500     48.413     -0.337   2.710690    29.9171     2.5074    6.62363  3.4104e01  0.000e+00
       1620    404.750     48.331     -0.330   2.710661    29.9164     2.5078    6.62315  3.1357e01  0.000e+00
       1621    405.000     48.254     -0.308   2.710661    29.9158     2.5084    6.62208  3.0900e01  0.000e+00
       1622    405.250     48.175     -0.315   2.710661    29.9154     2.5089    6.62417  3.2502e01  0.000e+00
       1623    405.500     48.098     -0.308   2.710638    29.9148     2.5093    6.62295  3.2044e01  0.000e+00
       1624    405.750     48.015     -0.330   2.710632    29.9141     2.5100    6.62316  3.3417e01  0.000e+00
       1625    406.000     47.922     -0.374   2.710610    29.9133     2.5105    6.62321  3.1586e01  0.000e+00
       1626    406.250     47.828     -0.374   2.710610    29.9131     2.5109    6.62327  3.1586e01  0.000e+00
       1627    406.500     47.727     -0.403   2.710587    29.9125     2.5112    6.62314  3.4104e01  0.000e+00
       1628    406.750     47.623     -0.418   2.710547    29.9116     2.5118    6.62356  3.4562e01  0.000e+00
       1629    407.000     47.513     -0.440   2.710506    29.9109     2.5121    6.62382  3.3417e01  0.000e+00
       1630    407.250     47.408     -0.418   2.710506    29.9102     2.5128    6.62437  3.3875e01  0.000e+00
       1631    407.500     47.302     -0.425   2.710398    29.9078     2.5140    6.62456  3.2959e01  0.000e+00
       1632    407.750     47.207     -0.381   2.710237    29.9039     2.5162    6.62560  3.3646e01  0.000e+00
       1633    408.000     47.120     -0.345   2.710123    29.8992     2.5198    6.62404  3.1586e01  0.000e+00
       1634    408.250     47.036     -0.337   2.709997    29.8938     2.5240    6.62556  3.3417e01  0.000e+00
       1635    408.500     46.959     -0.308   2.709894    29.8885     2.5284    6.62594  3.2044e01  0.000e+00
       1636    408.750     46.884     -0.301   2.709842    29.8840     2.5325    6.62596  3.0900e01  0.000e+00
       1637    409.000     46.812     -0.286   2.709682    29.8789     2.5359    6.62650  3.1815e01  0.000e+00
       1638    409.250     46.732     -0.323   2.709619    29.8746     2.5398    6.62489  3.4333e01  0.000e+00
       1639    409.500     46.660     -0.286   2.709625    29.8717     2.5430    6.62628  3.3417e01  0.000e+00
       1640    409.750     46.569     -0.367   2.709602    29.8696     2.5450    6.62449  3.2731e01  0.000e+00
       1641    410.000     46.473     -0.381   2.709573    29.8679     2.5465    6.62516  3.3875e01  0.000e+00
       1642    410.250     46.374     -0.396   2.709522    29.8654     2.5485    6.62523  3.3417e01  0.000e+00
       1643    410.500     46.272     -0.411   2.709476    29.8634     2.5501    6.62608  3.1586e01  0.000e+00
       1644    410.750     46.162     -0.440   2.709441    29.8616     2.5516    6.62637  3.5706e01  0.000e+00
       1645    411.000     46.061     -0.403   2.709333    29.8587     2.5534    6.62557  3.3875e01  0.000e+00
       1646    411.250     45.958     -0.411   2.709253    29.8557     2.5556    6.62617  3.2731e01  0.000e+00
       1647    411.500     45.863     -0.382   2.709029    29.8509     2.5579    6.62519  3.3875e01  0.000e+00
       1648    411.750     45.769     -0.374   2.708749    29.8427     2.5631    6.62574  3.5248e01  0.000e+00
       1649    412.000     45.685     -0.337   2.708617    29.8339     2.5708    6.62537  3.9139e01  0.000e+00
       1650    412.250     45.610     -0.301   2.707530    29.8138     2.5783    6.62554  3.4333e01  0.000e+00
       1651    412.500     45.531     -0.315   2.706895    29.7908     2.5948    6.62348  3.3188e01  0.000e+00
       1652    412.750     45.452     -0.315   2.706415    29.7647     2.6166    6.62290  3.3417e01  0.000e+00
       1653    413.000     45.371     -0.323   2.705860    29.7389     2.6372    6.62287  3.2959e01  0.000e+00
       1654    413.250     45.294     -0.308   2.705431    29.7155     2.6568    6.62161  3.4333e01  0.000e+00
       1655    413.500     45.206     -0.352   2.705116    29.6955     2.6743    6.62182  3.5019e01  0.000e+00
       1656    413.750     45.113     -0.374   2.704927    29.6799     2.6888    6.62194  3.2731e01  0.000e+00
       1657    414.000     45.010     -0.411   2.704698    29.6659     2.7010    6.62218  3.6393e01  0.000e+00
       1658    414.250     44.898     -0.447   2.704292    29.6518     2.7110    6.62404  3.4333e01  0.000e+00
       1659    414.500     44.783     -0.462   2.703949    29.6371     2.7225    6.62477  3.3188e01  0.000e+00
       1660    414.750     44.662     -0.484   2.703869    29.6256     2.7339    6.62573  3.7079e01  0.000e+00
       1661    415.000     44.546     -0.462   2.703720    29.6160     2.7424    6.62450  3.9368e01  0.000e+00
       1662    415.250     44.427     -0.477   2.703577    29.6081     2.7492    6.62605  3.9597e01  0.000e+00
       1663    415.500     44.313     -0.455   2.703469    29.6011     2.7554    6.62784  3.9826e01  0.000e+00
       1664    415.750     44.203     -0.440   2.703394    29.5948     2.7613    6.62818  3.7766e01  0.000e+00
       1665    416.000     44.095     -0.433   2.703154    29.5877     2.7660    6.62857  3.6622e01  0.000e+00
       1666    416.250     43.993     -0.411   2.702731    29.5774     2.7717    6.62986  3.6393e01  0.000e+00
       1667    416.500     43.888     -0.418   2.702171    29.5616     2.7815    6.62925  3.7537e01  0.000e+00
       1668    416.750     43.784     -0.418   2.701885    29.5455     2.7953    6.62913  3.6851e01  0.000e+00
       1669    417.000     43.683     -0.403   2.701062    29.5232     2.8088    6.62823  3.5706e01  0.000e+00
       1670    417.250     43.571     -0.447   2.700547    29.5006     2.8268    6.62827  3.7537e01  0.000e+00
       1671    417.500     43.468     -0.411   2.700107    29.4789     2.8447    6.62609  3.7308e01  0.000e+00
       1672    417.750     43.353     -0.462   2.699684    29.4584     2.8616    6.62676  3.5477e01  0.000e+00
       1673    418.000     43.241     -0.447   2.699392    29.4409     2.8769    6.62736  3.5248e01  0.000e+00
       1674    418.250     43.120     -0.484   2.699289    29.4285     2.8892    6.62897  3.6622e01  0.000e+00
       1675    418.500     42.999     -0.484   2.699181    29.4193     2.8978    6.63081  4.0284e01  0.000e+00
       1676    418.750     42.878     -0.484   2.699129    29.4135     2.9036    6.63096  3.8682e01  0.000e+00
       1677    419.000     42.751     -0.506   2.698758    29.4043     2.9088    6.63207  3.6851e01  0.000e+00
       1678    419.250     42.629     -0.491   2.698506    29.3950     2.9158    6.63327  3.7537e01  0.000e+00
       1679    419.500     42.498     -0.521   2.697941    29.3801     2.9248    6.63330  4.0284e01  0.000e+00
       1680    419.750     42.363     -0.543   2.697621    29.3661     2.9360    6.63292  3.7079e01  0.000e+00
       1681    420.000     42.229     -0.535   2.697329    29.3526     2.9471    6.63236  4.1199e01  0.000e+00
       1682    420.250     42.100     -0.513   2.697135    29.3414     2.9568    6.63375  4.1428e01  0.000e+00
       1683    420.500     41.967     -0.535   2.696883    29.3309     2.9651    6.63459  3.9139e01  0.000e+00
       1684    420.750     41.844     -0.491   2.696672    29.3215     2.9727    6.63662  3.9597e01  0.000e+00
       1685    421.000     41.719     -0.499   2.696352    29.3113     2.9798    6.63601  3.9597e01  0.000e+00
       1686    421.250     41.605     -0.455   2.696066    29.3009     2.9876    6.63366  3.6164e01  0.000e+00
       1687    421.500     41.497     -0.433   2.695747    29.2895     2.9959    6.62851  4.0284e01  0.000e+00
       1688    421.750     41.384     -0.455   2.695347    29.2768     3.0047    6.62849  4.2802e01  0.000e+00
       1689    422.000     41.272     -0.447   2.695164    29.2666     3.0136    6.63401  3.8224e01  0.000e+00
       1690    422.250     41.158     -0.455   2.694867    29.2562     3.0211    6.63390  3.6164e01  0.000e+00
       1691    422.500     41.041     -0.469   2.694558    29.2462     3.0282    6.63622  3.7995e01  0.000e+00
       1692    422.750     40.922     -0.477   2.694319    29.2367     3.0356    6.63297  3.9139e01  0.000e+00
       1693    423.000     40.802     -0.477   2.694159    29.2288     3.0423    6.63618  4.0055e01  0.000e+00
       1694    423.250     40.678     -0.499   2.693890    29.2200     3.0485    6.63217  4.0970e01  0.000e+00
       1695    423.500     40.553     -0.499   2.693793    29.2139     3.0540    6.63455  3.6622e01  0.000e+00
       1696    423.750     40.430     -0.491   2.693605    29.2071     3.0591    6.63631  3.9597e01  0.000e+00
       1697    424.000     40.307     -0.491   2.693450    29.2007     3.0641    6.63696  3.8911e01  0.000e+00
       1698    424.250     40.186     -0.484   2.693245    29.1941     3.0688    6.63585  3.8453e01  0.000e+00
       1699    424.500     40.064     -0.491   2.693108    29.1881     3.0737    6.63687  4.0970e01  0.000e+00
       1700    424.750     39.946     -0.469   2.692839    29.1810     3.0781    6.63602  3.8453e01  0.000e+00
       1701    425.000     39.831     -0.462   2.692577    29.1732     3.0833    6.63743  3.6851e01  0.000e+00
       1702    425.250     39.721     -0.440   2.691846    29.1593     3.0891    6.63775  3.7079e01  0.000e+00
       1703    425.500     39.598     -0.491   2.690682    29.1363     3.0992    6.63942  3.8224e01  0.000e+00
       1704    425.750     39.482     -0.462   2.689101    29.1012     3.1174    6.63780  4.1199e01  0.000e+00
       1705    426.000     39.361     -0.484   2.687885    29.0631     3.1437    6.63572  3.8682e01  0.000e+00
       1706    426.250     39.235     -0.506   2.687109    29.0283     3.1722    6.63607  4.0970e01  0.000e+00
       1707    426.500     39.118     -0.469   2.686122    28.9938     3.1976    6.63380  4.1657e01  0.000e+00
       1708    426.750     38.998     -0.477   2.685153    28.9604     3.2220    6.63566  4.0284e01  0.000e+00
       1709    427.000     38.874     -0.499   2.684257    28.9276     3.2469    6.63522  3.9139e01  0.000e+00
       1710    427.250     38.758     -0.462   2.683596    28.8985     3.2708    6.63680  4.0513e01  0.000e+00
       1711    427.500     38.646     -0.447   2.682837    28.8706     3.2920    6.63766  4.1886e01  0.000e+00
       1712    427.750     38.531     -0.462   2.682182    28.8455     3.3116    6.63811  4.1199e01  0.000e+00
       1713    428.000     38.421     -0.440   2.681760    28.8242     3.3299    6.63803  4.0970e01  0.000e+00
       1714    428.250     38.316     -0.418   2.681526    28.8082     3.3449    6.63900  4.6006e01  0.000e+00
       1715    428.500     38.204     -0.447   2.681338    28.7961     3.3561    6.64184  4.0055e01  0.000e+00
       1716    428.750     38.091     -0.455   2.681315    28.7893     3.3634    6.64288  3.9597e01  0.000e+00
       1717    429.000     37.977     -0.455   2.681149    28.7828     3.3686    6.64333  4.0970e01  0.000e+00
       1718    429.250     37.854     -0.491   2.681052    28.7776     3.3733    6.64544  4.1199e01  0.000e+00
       1719    429.500     37.726     -0.513   2.680893    28.7723     3.3771    6.64731  4.1886e01  0.000e+00
       1720    429.750     37.592     -0.535   2.680705    28.7669     3.3809    6.64902  4.0513e01  0.000e+00
       1721    430.000     37.462     -0.521   2.680499    28.7606     3.3853    6.64940  4.0055e01  0.000e+00
       1722    430.250     37.332     -0.521   2.680448    28.7562     3.3897    6.64932  4.0055e01  0.000e+00
       1723    430.500     37.202     -0.521   2.680055    28.7481     3.3936    6.65021  4.2115e01  0.000e+00
       1724    430.750     37.081     -0.484   2.679285    28.7342     3.3991    6.65184  4.4633e01  0.000e+00
       1725    431.000     36.965     -0.462   2.678898    28.7212     3.4087    6.65206  4.1886e01  0.000e+00
       1726    431.250     36.857     -0.433   2.678425    28.7071     3.4184    6.65341  4.1428e01  0.000e+00
       1727    431.500     36.749     -0.433   2.677536    28.6887     3.4274    6.65360  4.4175e01  0.000e+00
       1728    431.750     36.648     -0.403   2.677114    28.6728     3.4398    6.65534  4.3488e01  0.000e+00
       1729    432.000     36.540     -0.433   2.677063    28.6621     3.4513    6.65570  4.2802e01  0.000e+00
