2008-06-25_st002.cnv
* Sea-Bird SBE 19plus Data File:
* FileName = C:\Documents and Settings\Administrator\Desktop\SLEIWEX2008data\2008-06-25\seabirdCTD\2008-06-25_st002.hex
* Software Version Seasave Win32 V 5.31a
* Temperature SN = 4947
* Conductivity SN = 4947
* System UpLoad Time = Jun 25 2008 20:24:16
* NMEA Latitude = 47 54.570 N
* NMEA Longitude = 069 47.597 W
* NMEA UTC (Time) = Jun 25 2008  20:23:58
** Ship: Coriolis II   
** Cruise: IML2008 sleiwex2008
** Chef de Mission:Patrick Ouellet alex hay
** Station: 002
** Profondeur: 105
** Heures UTC: 20:23
# nquan = 10
# nvalues = 2347                    
# units = specified
# name 0 = scan: Scan Count
# name 1 = timeS: Time, Elapsed [seconds]
# name 2 = prdM: Pressure, Strain Gauge [db]
# name 3 = dz/dtM: Descent Rate [m/s]
# name 4 = c0S/m: Conductivity [S/m]
# name 5 = sal00: Salinity [PSU]
# name 6 = tv290C: Temperature [ITS-90, deg C]
# name 7 = sbeox0ML/L: Oxygen, SBE 43 [ml/l]
# name 8 = flSP: Fluorescence, Seapoint
# name 9 = flag:  0.000e+00
# span 0 =          1,       2347       
# span 1 =      0.000,    586.500       
# span 2 =      0.118,     92.840       
# span 3 =     -0.946,      0.748       
# span 4 =   0.009461,   2.719677       
# span 5 =     0.0579,    30.3090       
# span 6 =     2.1848,    14.5472       
# span 7 =    5.98914,    8.61948       
# span 8 =  0.0000e00,  8.5832e01       
# span 9 =  0.0000e00,  0.0000e00       
# interval = seconds: 0.25                        
# start_time = Jun 25 2008 20:23:58
# bad_flag = -9.990e-29
*END*
[from data line 2163]
       2164    540.750      1.465      0.396   2.222292    19.9148     8.9057    6.51852  5.6535e01  0.000e+00
       2165    541.000      1.531      0.264   2.222431    19.9156     8.9067    6.52686  5.5619e01  0.000e+00
       2166    541.250      1.569      0.154   2.222478    19.9158     8.9073    6.53460  5.7450e01  0.000e+00
       2167    541.500      1.569     -0.000   2.223086    19.9219     8.9069    6.54302  4.7379e01  0.000e+00
       2168    541.750      1.527     -0.169   2.223933    19.9322     8.9034    6.55237  6.0883e01  0.000e+00
       2169    542.000      1.454     -0.293   2.224610    19.9412     8.8993    6.56132  5.5161e01  0.000e+00
       2170    542.250      1.366     -0.352   2.224876    19.9456     8.8960    6.57066  4.5319e01  0.000e+00
       2171    542.500      1.260     -0.425   2.225159    19.9498     8.8936    6.57970  4.8753e01  0.000e+00
       2172    542.750      1.157     -0.411   2.225356    19.9528     8.8917    6.58535  4.8753e01  0.000e+00
       2173    543.000      1.060     -0.389   2.225521    19.9553     8.8902    6.58994  5.1499e01  0.000e+00
       2174    543.250      1.001     -0.235   2.225697    19.9577     8.8891    6.59384  4.7608e01  0.000e+00
       2175    543.500      0.988     -0.051   2.225820    19.9594     8.8882    6.59574  4.9210e01  0.000e+00
       2176    543.750      1.030      0.169   2.225798    19.9595     8.8876    6.59705  4.9210e01  0.000e+00
       2177    544.000      1.118      0.352   2.225457    19.9558     8.8881    6.59991  5.3788e01  0.000e+00
       2178    544.250      1.225      0.426   2.225137    19.9516     8.8900    6.60212  4.9439e01  0.000e+00
       2179    544.500      1.327      0.411   2.224993    19.9485     8.8930    6.60663  5.0813e01  0.000e+00
       2180    544.750      1.415      0.352   2.225207    19.9488     8.8961    6.61116  5.0584e01  0.000e+00
       2181    545.000      1.478      0.249   2.225697    19.9529     8.8973    6.61629  5.1270e01  0.000e+00
       2182    545.250      1.511      0.132   2.226299    19.9602     8.8949    6.62126  5.4704e01  0.000e+00
       2183    545.500      1.518      0.029   2.226811    19.9668     8.8920    6.62784  4.9210e01  0.000e+00
       2184    545.750      1.500     -0.073   2.227643    19.9774     8.8877    6.63493  5.2415e01  0.000e+00
       2185    546.000      1.454     -0.183   2.228794    19.9929     8.8802    6.64193  5.0813e01  0.000e+00
       2186    546.250      1.390     -0.257   2.229280    20.0026     8.8714    6.64934  5.7908e01  0.000e+00
       2187    546.500      1.320     -0.279   2.229418    20.0072     8.8658    6.65531  4.3030e01  0.000e+00
       2188    546.750      1.243     -0.308   2.229477    20.0097     8.8624    6.65817  4.5777e01  0.000e+00
       2189    547.000      1.181     -0.249   2.229557    20.0114     8.8608    6.66150  4.8524e01  0.000e+00
       2190    547.250      1.137     -0.176   2.229328    20.0092     8.8606    6.66259  5.1041e01  0.000e+00
       2191    547.500      1.126     -0.044   2.229008    20.0054     8.8618    6.66256  5.1041e01  0.000e+00
       2192    547.750      1.139      0.051   2.228821    20.0028     8.8632    6.66588  4.6693e01  0.000e+00
       2193    548.000      1.175      0.147   2.228576    19.9994     8.8649    6.67088  5.0813e01  0.000e+00
       2194    548.250      1.221      0.183   2.228213    19.9945     8.8673    6.67485  4.6693e01  0.000e+00
       2195    548.500      1.273      0.205   2.228192    19.9926     8.8703    6.68028  4.8753e01  0.000e+00
       2196    548.750      1.317      0.176   2.228507    19.9948     8.8720    6.68507  5.2873e01  0.000e+00
       2197    549.000      1.353      0.147   2.228827    19.9976     8.8724    6.68948  5.1270e01  0.000e+00
       2198    549.250      1.375      0.088   2.229280    20.0027     8.8713    6.69486  5.1499e01  0.000e+00
       2199    549.500      1.384      0.037   2.229525    20.0062     8.8694    6.69923  5.3101e01  0.000e+00
       2200    549.750      1.377     -0.029   2.229674    20.0087     8.8676    6.70362  4.5777e01  0.000e+00
       2201    550.000      1.355     -0.088   2.229861    20.0114     8.8660    6.70981  4.8753e01  0.000e+00
       2202    550.250      1.324     -0.125   2.229968    20.0134     8.8643    6.71265  5.9510e01  0.000e+00
       2203    550.500      1.295     -0.117   2.230106    20.0154     8.8632    6.71541  5.1957e01  0.000e+00
       2204    550.750      1.280     -0.059   2.230245    20.0171     8.8626    6.71761  5.0126e01  0.000e+00
       2205    551.000      1.273     -0.029   2.230448    20.0197     8.8614    6.72274  4.3717e01  0.000e+00
       2206    551.250      1.282      0.037   2.230587    20.0221     8.8597    6.72764  4.6693e01  0.000e+00
       2207    551.500      1.295      0.051   2.230469    20.0218     8.8581    6.73079  4.7837e01  0.000e+00
       2208    551.750      1.313      0.073   2.230357    20.0211     8.8574    6.73635  5.2186e01  0.000e+00
       2209    552.000      1.333      0.081   2.230299    20.0204     8.8576    6.74009  4.6464e01  0.000e+00
       2210    552.250      1.342      0.037   2.230448    20.0217     8.8580    6.74202  6.0426e01  0.000e+00
       2211    552.500      1.344      0.007   2.230517    20.0223     8.8580    6.74504  5.4704e01  0.000e+00
       2212    552.750      1.320     -0.095   2.230539    20.0225     8.8581    6.74821  4.7379e01  0.000e+00
       2213    553.000      1.282     -0.154   2.230640    20.0233     8.8585    6.74825  4.9439e01  0.000e+00
       2214    553.250      1.234     -0.191   2.230688    20.0237     8.8585    6.74852  5.3788e01  0.000e+00
       2215    553.500      1.187     -0.191   2.230747    20.0243     8.8585    6.74828  5.4017e01  0.000e+00
       2216    553.750      1.159     -0.110   2.230715    20.0238     8.8589    6.74839  5.2186e01  0.000e+00
       2217    554.000      1.166      0.029   2.230629    20.0229     8.8590    6.74808  4.8066e01  0.000e+00
       2218    554.250      1.196      0.117   2.230469    20.0215     8.8587    6.75059  4.6693e01  0.000e+00
       2219    554.500      1.249      0.213   2.230427    20.0213     8.8582    6.75190  5.0584e01  0.000e+00
       2220    554.750      1.306      0.227   2.230325    20.0204     8.8581    6.75455  4.7150e01  0.000e+00
       2221    555.000      1.359      0.213   2.230267    20.0188     8.8600    6.75710  4.7608e01  0.000e+00
       2222    555.250      1.407      0.191   2.230229    20.0167     8.8629    6.76035  5.3330e01  0.000e+00
       2223    555.500      1.440      0.132   2.229765    20.0106     8.8657    6.76226  4.8753e01  0.000e+00
       2224    555.750      1.458      0.073   2.229525    20.0059     8.8698    6.76526  5.5390e01  0.000e+00
       2225    556.000      1.452     -0.022   2.230357    20.0124     8.8728    6.76893  5.2873e01  0.000e+00
       2226    556.250      1.427     -0.103   2.230229    20.0119     8.8715    6.77115  6.0883e01  0.000e+00
       2227    556.500      1.381     -0.183   2.230128    20.0107     8.8718    6.77280  5.0813e01  0.000e+00
       2228    556.750      1.322     -0.235   2.230277    20.0119     8.8724    6.77549  4.8753e01  0.000e+00
       2229    557.000      1.255     -0.271   2.230154    20.0108     8.8722    6.77787  5.2415e01  0.000e+00
       2230    557.250      1.189     -0.264   2.229989    20.0092     8.8721    6.77806  4.7837e01  0.000e+00
       2231    557.500      1.141     -0.191   2.229861    20.0082     8.8717    6.78185  4.8066e01  0.000e+00
       2232    557.750      1.117     -0.095   2.229557    20.0062     8.8700    6.78199  5.7221e01  0.000e+00
       2233    558.000      1.112     -0.022   2.229354    20.0053     8.8680    6.78605  5.0355e01  0.000e+00
       2234    558.250      1.134      0.088   2.229285    20.0055     8.8665    6.78848  5.5390e01  0.000e+00
       2235    558.500      1.176      0.169   2.229136    20.0038     8.8669    6.78956  5.0126e01  0.000e+00
       2236    558.750      1.234      0.235   2.229034    20.0013     8.8695    6.79255  4.6235e01  0.000e+00
       2237    559.000      1.306      0.286   2.228725    19.9955     8.8744    6.79366  4.4862e01  0.000e+00
       2238    559.250      1.368      0.249   2.229056    19.9961     8.8792    6.79484  5.3788e01  0.000e+00
       2239    559.500      1.421      0.213   2.229258    19.9973     8.8806    6.79801  4.8981e01  0.000e+00
       2240    559.750      1.456      0.139   2.228693    19.9909     8.8821    6.80064  5.0126e01  0.000e+00
       2241    560.000      1.466      0.037   2.228698    19.9889     8.8856    6.80477  5.6077e01  0.000e+00
       2242    560.250      1.455     -0.044   2.227899    19.9793     8.8887    6.80573  5.4932e01  0.000e+00
       2243    560.500      1.427     -0.110   2.227323    19.9699     8.8955    6.80765  5.2873e01  0.000e+00
       2244    560.750      1.383     -0.176   2.227269    19.9656     8.9022    6.80713  4.8753e01  0.000e+00
       2245    561.000      1.335     -0.191   2.227413    19.9646     8.9065    6.80886  5.5848e01  0.000e+00
       2246    561.250      1.291     -0.176   2.227632    19.9660     8.9079    6.80787  5.2873e01  0.000e+00
       2247    561.500      1.244     -0.191   2.227893    19.9697     8.9058    6.80882  5.5619e01  0.000e+00
       2248    561.750      1.214     -0.117   2.227946    19.9724     8.9021    6.80906  4.8066e01  0.000e+00
       2249    562.000      1.194     -0.081   2.227824    19.9731     8.8986    6.80920  4.5319e01  0.000e+00
       2250    562.250      1.185     -0.037   2.227659    19.9730     8.8960    6.81009  4.5777e01  0.000e+00
       2251    562.500      1.191      0.022   2.227552    19.9722     8.8955    6.80970  5.1041e01  0.000e+00
       2252    562.750      1.200      0.037   2.227632    19.9726     8.8961    6.81044  5.4932e01  0.000e+00
       2253    563.000      1.213      0.051   2.227573    19.9714     8.8974    6.81082  5.3788e01  0.000e+00
       2254    563.250      1.227      0.059   2.227077    19.9647     8.9006    6.81098  4.3946e01  0.000e+00
       2255    563.500      1.246      0.073   2.226640    19.9574     8.9060    6.81170  4.7150e01  0.000e+00
       2256    563.750      1.273      0.110   2.226523    19.9522     8.9131    6.81106  4.9668e01  0.000e+00
       2257    564.000      1.306      0.132   2.227147    19.9558     8.9176    6.81026  5.0355e01  0.000e+00
       2258    564.250      1.341      0.139   2.228784    19.9731     8.9153    6.80971  5.0355e01  0.000e+00
       2259    564.500      1.367      0.103   2.230032    19.9912     8.9049    6.81084  5.2415e01  0.000e+00
       2260    564.750      1.394      0.110   2.229696    19.9937     8.8946    6.81484  5.2644e01  0.000e+00
       2261    565.000      1.409      0.059   2.230080    19.9998     8.8904    6.81774  5.0584e01  0.000e+00
       2262    565.250      1.422      0.051   2.228693    19.9875     8.8882    6.82032  4.9439e01  0.000e+00
       2263    565.500      1.427      0.022   2.227365    19.9710     8.8943    6.82063  4.6693e01  0.000e+00
       2264    565.750      1.416     -0.044   2.227573    19.9680     8.9032    6.82060  5.5161e01  0.000e+00
       2265    566.000      1.385     -0.125   2.228144    19.9709     8.9081    6.81972  5.0584e01  0.000e+00
       2266    566.250      1.336     -0.198   2.229488    19.9845     8.9073    6.81937  4.9210e01  0.000e+00
       2267    566.500      1.281     -0.220   2.229792    19.9908     8.9015    6.82127  5.0355e01  0.000e+00
       2268    566.750      1.218     -0.249   2.229573    19.9917     8.8961    6.82265  4.4175e01  0.000e+00
       2269    567.000      1.161     -0.227   2.228853    19.9862     8.8933    6.82410  5.4932e01  0.000e+00
       2270    567.250      1.134     -0.110   2.227803    19.9744     8.8960    6.82301  4.8981e01  0.000e+00
       2271    567.500      1.128     -0.022   2.227211    19.9650     8.9024    6.82076  5.0126e01  0.000e+00
       2272    567.750      1.145      0.066   2.226933    19.9587     8.9088    6.82027  4.8753e01  0.000e+00
       2273    568.000      1.183      0.154   2.226411    19.9506     8.9140    6.81953  4.5777e01  0.000e+00
       2274    568.250      1.233      0.198   2.226832    19.9515     8.9199    6.82087  5.9281e01  0.000e+00
       2275    568.500      1.288      0.220   2.228666    19.9687     8.9211    6.82133  4.7608e01  0.000e+00
       2276    568.750      1.343      0.220   2.228725    19.9733     8.9139    6.82361  4.7379e01  0.000e+00
       2277    569.000      1.383      0.161   2.228757    19.9765     8.9088    6.82478  4.8524e01  0.000e+00
       2278    569.250      1.415      0.125   2.229013    19.9814     8.9046    6.82760  5.0355e01  0.000e+00
       2279    569.500      1.424      0.037   2.229008    19.9829     8.9017    6.82864  5.2415e01  0.000e+00
       2280    569.750      1.424      0.000   2.228746    19.9811     8.9004    6.82943  5.1957e01  0.000e+00
       2281    570.000      1.400     -0.095   2.227851    19.9711     8.9026    6.82850  5.0126e01  0.000e+00
       2282    570.250      1.374     -0.103   2.228256    19.9731     8.9061    6.82854  5.2873e01  0.000e+00
       2283    570.500      1.330     -0.176   2.228165    19.9716     8.9071    6.82891  5.4246e01  0.000e+00
       2284    570.750      1.286     -0.176   2.228736    19.9772     8.9073    6.82844  5.5619e01  0.000e+00
       2285    571.000      1.248     -0.154   2.229184    19.9828     8.9052    6.82966  5.1270e01  0.000e+00
       2286    571.250      1.229     -0.073   2.229765    19.9908     8.9009    6.83179  5.1728e01  0.000e+00
       2287    571.500      1.220     -0.037   2.230544    20.0015     8.8956    6.83329  5.2186e01  0.000e+00
       2288    571.750      1.228      0.029   2.231040    20.0099     8.8894    6.83421  5.1499e01  0.000e+00
       2289    572.000      1.239      0.044   2.230906    20.0116     8.8839    6.83243  4.6464e01  0.000e+00
       2290    572.250      1.244      0.022   2.231178    20.0161     8.8807    6.83254  5.3101e01  0.000e+00
       2291    572.500      1.233     -0.044   2.230592    20.0112     8.8791    6.83315  4.5548e01  0.000e+00
       2292    572.750      1.224     -0.037   2.230400    20.0085     8.8806    6.83236  4.8524e01  0.000e+00
       2293    573.000      1.209     -0.059   2.230373    20.0071     8.8826    6.83211  4.8981e01  0.000e+00
       2294    573.250      1.185     -0.095   2.230128    20.0037     8.8844    6.83146  5.0126e01  0.000e+00
       2295    573.500      1.153     -0.132   2.229674    19.9980     8.8867    6.83050  4.8066e01  0.000e+00
       2296    573.750      1.114     -0.154   2.229258    19.9921     8.8900    6.82972  5.0813e01  0.000e+00
       2297    574.000      1.076     -0.154   2.228736    19.9850     8.8934    6.83015  4.4175e01  0.000e+00
       2298    574.250      1.052     -0.095   2.220114    19.8978     8.8983    6.83339  4.8066e01  0.000e+00
       2299    574.500      1.048     -0.015   2.227024    19.9613     8.9058    6.82948  5.6992e01  0.000e+00
       2300    574.750      1.050      0.007   2.225670    19.9430     8.9147    6.82860  5.2873e01  0.000e+00
       2301    575.000      1.046     -0.015   2.224748    19.9271     8.9271    6.82711  4.6693e01  0.000e+00
       2302    575.250      1.033     -0.051   2.224801    19.9211     8.9388    6.82697  4.8295e01  0.000e+00
       2303    575.500      1.028     -0.022   2.225046    19.9194     8.9461    6.82510  4.8753e01  0.000e+00
       2304    575.750      1.026     -0.007   2.225041    19.9178     8.9488    6.82560  5.4017e01  0.000e+00
       2305    576.000      1.028      0.007   2.224897    19.9156     8.9502    6.82668  4.8066e01  0.000e+00
       2306    576.250      1.019     -0.037   2.224796    19.9139     8.9515    6.82739  4.6006e01  0.000e+00
